73
d0
6f
00
73
60
01
00
93
00
00
50
73
90
50
00
b7
10
ff
ff
93
80
10
11
13
01
00
40
b7
21
ee
ee
93
81
21
22
37
32
dd
dd
13
02
32
33
b7
42
cc
cc
93
82
42
44
37
53
bb
bb
13
03
53
55
b7
63
aa
aa
93
83
63
66
37
74
99
99
13
04
74
77
b7
94
88
88
93
84
84
88
37
a5
77
77
13
05
95
99
b7
b5
66
66
93
85
a5
aa
37
c6
55
55
13
06
b6
bb
b7
d6
44
44
93
86
c6
cc
37
e7
33
33
13
07
d7
dd
b7
f7
22
22
93
87
e7
ee
37
08
12
11
13
08
f8
ff
b7
08
12
ff
93
88
18
f1
37
f9
22
ee
13
09
29
e2
b7
e9
33
dd
93
89
39
d3
37
da
44
cc
13
0a
4a
c4
b7
ca
55
bb
93
8a
5a
b5
37
bb
66
aa
13
0b
6b
a6
b7
ab
77
99
93
8b
7b
97
37
9c
88
88
13
0c
8c
88
b7
7c
99
77
93
8c
9c
79
37
6d
aa
66
13
0d
ad
6a
b7
5d
bb
55
93
8d
bd
5b
37
4e
cc
44
13
0e
ce
4c
b7
3e
dd
33
93
8e
de
3d
37
2f
ee
22
13
0f
ef
2e
b7
1f
ff
11
93
8f
ff
1f
23
20
11
00
23
22
31
00
23
24
41
00
23
26
51
00
23
28
61
00
23
2a
71
00
23
2c
81
00
23
2e
91
00
23
20
a1
02
23
22
b1
02
23
24
c1
02
23
26
d1
02
23
28
e1
02
23
2a
f1
02
23
2c
01
03
23
2e
11
03
23
20
21
05
23
22
31
05
23
24
41
05
23
26
51
05
23
28
61
05
23
2a
71
05
23
2c
81
05
23
2e
91
05
23
20
a1
07
23
22
b1
07
23
24
c1
07
23
26
d1
07
23
28
e1
07
23
2a
f1
07
b3
00
00
00
b3
01
00
00
33
02
00
00
b3
02
00
00
33
03
00
00
b3
03
00
00
33
04
00
00
b3
04
00
00
33
05
00
00
b3
05
00
00
33
06
00
00
b3
06
00
00
33
07
00
00
b3
07
00
00
33
08
00
00
b3
08
00
00
33
09
00
00
b3
09
00
00
33
0a
00
00
b3
0a
00
00
33
0b
00
00
b3
0b
00
00
33
0c
00
00
b3
0c
00
00
33
0d
00
00
b3
0d
00
00
33
0e
00
00
b3
0e
00
00
33
0f
00
00
b3
0f
00
00
83
20
01
00
83
21
41
00
03
22
81
00
83
22
c1
00
03
23
01
01
83
23
41
01
03
24
81
01
83
24
c1
01
03
25
01
02
83
25
41
02
03
26
81
02
83
26
c1
02
03
27
01
03
83
27
41
03
03
28
81
03
83
28
c1
03
03
29
01
04
83
29
41
04
03
2a
81
04
83
2a
c1
04
03
2b
01
05
83
2b
41
05
03
2c
81
05
83
2c
c1
05
03
2d
01
06
83
2d
41
06
03
2e
81
06
93
0f
00
30
67
80
0f
00
00
00
00
00
ff
ff
ff
ff
